# 测试信号：50Hz 正弦波 + 120Hz 正弦波，采样率 1000Hz，共 1024 点
# 每行一个实数（虚部为 0）
0.000000
0.587291
0.999451
0.998654
0.369575
-0.638567
-0.996932
-0.584767
0.202103
0.998003
0.964831
0.151651
-0.739120
-0.991557
-0.391212
0.392550
0.998946
0.883174
-0.074903
-0.949509
-0.949913
-0.183570
0.566716
0.999077
0.758580
-0.299460
-0.990412
-0.874344
0.028559
0.724174
0.996874
0.602102
-0.508716
-0.997147
-0.769190
0.125930
0.851004
0.960205
0.421211
-0.693953
-0.993083
-0.640685
0.221814
0.941883
0.891517
0.224458
-0.847950
-0.962499
-0.495682
0.313716
0.994616
0.794864
-0.020345
-0.965106
-0.906837
-0.338991
0.399949
0.999695
0.675058
-0.264353
-0.987688
-0.829449
-0.174736
0.479250
0.958290
0.537448
-0.498847
-0.975057
-0.734071
-0.007780
0.551204
0.873861
0.386813
-0.717114
-0.928367
-0.625323
0.157790
0.615198
0.751720
0.228545
-0.912614
-0.850081
-0.507569
0.316326
0.670286
0.598759
0.067932
-0.892733
-0.979279
-0.771626
-0.385679
0.467798
0.716093
0.422116
-0.092336
-0.979415
-0.996929
-0.584767
0.202103
0.753333
0.228265
-0.250213
-0.998003
-0.964831
-0.151651
0.739120
0.781566
0.033148
-0.404591
-0.948949
-0.883174
0.074903
0.949509
0.801660
-0.162895
-0.553653
-0.837641
-0.758580
0.299460
0.990412
0.813751
-0.356819
-0.695356
-0.672171
-0.602102
0.508716
0.997147
0.818041
-0.546151
-0.827806
-0.462617
-0.421211
0.693953
0.993083
0.814803
-0.728337
-0.949013
-0.220400
-0.224458
0.847950
0.962499
0.804379
-0.900792
-0.779704
0.041558
0.020345
0.965106
0.906837
0.787187
-0.963373
-0.690694
0.304365
0.264353
0.987688
0.829449
0.763708
-0.996299
-0.572048
0.549781
0.498847
0.975057
0.734071
0.734500
-0.438154
0.807492
0.766116
0.717114
0.928367
0.625323
0.700096
-0.558987
0.953054
0.942963
0.912614
0.850081
0.507569
0.661106
-0.666812
0.997497
0.786674
0.892733
1.000000
0.892733
0.786674
0.661106
0.507569
0.850081
0.912614
0.942963
0.953054
0.766116
0.807492
0.700096
0.625323
0.928367
0.717114
0.738157
0.872290
0.498847
0.734071
0.975057
0.320102
0.729502
0.527006
0.264353
0.829449
0.987688
-0.087585
0.667417
0.316363
0.020345
0.906837
0.965106
-0.476828
0.593620
0.102733
-0.224458
0.962499
0.847950
-0.833174
0.509498
-0.110401
-0.462617
0.993083
0.693953
-0.994653
0.416731
-0.320931
-0.672171
0.997147
0.508716
-0.997124
0.317131
-0.526238
-0.837641
0.990412
0.299460
-0.841162
0.212623
-0.723508
-0.949509
0.949509
0.074903
-0.557641
0.105138
-0.909522
-0.998003
0.883174
-0.151651
-0.193675
-0.003008
-0.949913
-0.949913
0.739120
-0.366574
-0.106793
-0.958290
-0.806404
0.584767
0.391212
0.809827
-0.202103
-0.892733
-0.586131
0.996932
0.996932
-0.078209
0.638567
-0.998654
-0.313716
0.991557
0.991557
-0.548654
0.369575
-0.964831
-0.008156
0.949509
0.885767
-0.958290
0.074903
-0.806404
0.299460
0.883174
0.693953
-0.997147
-0.224458
-0.541343
0.584767
0.806404
0.421211
-0.949509
-0.508716
-0.213251
0.839467
0.719122
0.078209
-0.816686
-0.758580
0.125930
0.998003
0.625323
-0.262863
-0.604866
-0.991557
0.461913
0.998654
0.529031
-0.584767
-0.327688
-0.998003
0.782074
0.841162
0.433642
-0.874344
-0.005792
-0.885767
0.910802
0.545210
0.340525
-0.987688
0.350101
-0.670286
0.991557
0.150055
0.248410
-0.958290
0.675058
-0.391212
0.885767
-0.251856
0.154418
-0.809827
0.944889
-0.078209
0.670286
-0.551204
0.054586
-0.551204
0.987688
0.248410
0.391212
-0.782074
-0.149420
-0.224458
0.958290
0.541343
0.806404
-0.920632
-0.350101
0.997147
0.670286
0.884163
-0.978447
-0.472222
0.885767
0.478985
0.947503
-0.956637
-0.589269
0.670286
0.278407
0.998654
-0.858624
-0.699833
0.391212
0.076322
0.998003
-0.690694
-0.801660
0.078209
-0.125930
0.949509
-0.462617
-0.892733
-0.248410
-0.320102
0.847950
-0.185838
-0.970452
-0.566716
-0.508716
0.700096
0.125930
-0.991557
-0.847950
-0.674002
-0.693953
0.513093
0.421211
-0.958290
-0.691831
-0.778174
-0.874344
0.299460
0.693953
-0.885767
-0.508716
-0.874344
-0.997147
0.078209
0.944889
-0.778174
-0.299460
-0.956637
-0.997147
-0.149420
0.996932
-0.641752
-0.078209
-0.991557
-0.885767
-0.366574
0.996932
-0.484250
0.149420
-0.958290
-0.670286
-0.566716
0.958290
-0.313716
0.366574
-0.885767
-0.366574
-0.739120
0.885767
-0.149420
0.541343
-0.778174
0.008156
-0.874344
0.782074
0.007208
0.670286
-0.641752
0.350101
-0.958290
0.651604
0.149420
0.566716
-0.484250
0.638567
-0.991557
0.507345
0.278407
0.433642
-0.313716
0.858624
-0.958290
0.954479
0.391212
0.278407
-0.149420
0.996932
-0.885767
0.779530
0.478985
0.108847
-0.008156
0.996932
-0.778174
0.979901
0.541343
-0.063957
-0.149420
0.958290
-0.641752
0.957868
0.584767
-0.228265
-0.278407
0.885767
-0.484250
0.882345
0.612142
-0.379706
-0.391212
0.782074
-0.313716
0.757653
0.625323
-0.513093
-0.478985
0.651604
-0.149420
0.589269
0.625323
-0.624011
-0.541343